0 19
0 21
0 48
0 49
0 65
0 66
0 77
0 78
1 0
1 5
1 7
5 3
5 4
6 3
6 4
6 39
6 41
6 42
6 43
6 45
6 46
6 47
6 49
6 53
6 55
7 30
7 32
7 34
7 36
7 38
7 45
7 47
7 49
7 50
7 55
7 57
7 59
7 60
7 70
7 71
8 3
8 5
8 6
8 11
8 12
8 29
8 30
8 31
8 32
8 34
8 58
8 59
8 76
8 78
8 80
8 81
8 82
9 18
9 20
9 33
9 34
9 38
9 40
9 45
9 46
10 0
10 5
10 7
10 20
10 21
10 24
10 25
10 29
10 30
10 32
10 33
10 34
10 36
10 38
10 39
10 41
10 51
10 52
11 1
11 2
11 3
11 7
11 8
11 10
11 11
11 18
11 20
11 21
11 33
11 34
11 36
11 44
11 46
11 48
11 50
11 56
11 57
11 59
12 14
12 15
12 18
12 20
12 35
12 36
12 38
12 52
12 54
12 70
12 71
13 9
13 11
13 12
13 42
13 44
13 46
13 49
13 51
13 55
13 57
13 61
13 62
15 0
15 2
15 4
15 10
15 12
15 17
15 18
15 19
15 21
16 11
16 12
16 14
17 1
17 2
17 19
17 20
17 32
17 34
17 57
17 58
17 68
17 69
17 71
18 16
18 17
18 31
18 33
18 34
18 36
18 37
19 0
19 3
19 4
19 5
19 7
19 8
19 18
19 19
19 47
19 49
19 50
19 51
19 53
19 54
19 58
19 59
20 4
20 6
20 7
20 18
20 20
20 23
20 25
20 28
20 29
20 47
20 49
20 59
20 60
20 66
20 67
